52969
18715
10881
12647
12895
10893
47687
12735
12679
47699
56377
30271
52957
12883
12419
18571
34913
12667
12835
33469
35193
12851
30299
12559
18727
18455
18767
18619
48663
34929
33449
48659
18511
12583
52961
18627
55855
47265
35181
12875
18547
18643
46285
33441
18439
54653
47285
52941
18415
12483
60945
20803
32209
56427
18763
12347
12731
35149
33433
56655
56647
12703
12663
12727
47973
34901
34889
10889
48639
47961
12479
27389
18579
12475
51929
52421
12575
18587
18651
18779
56607
60949
60909
18527
48575
12831
30295
34905
18735
35213
12359
18807
12839
55823
12491
12407
18871
18487
47261
47945
47683
30315
12903
47949
56077
12331
10327
35185
33445
12879
12507
60897
48683
35157
18707
18775
18703
32217
54657
18491
35177
10339
10331
56679
18615
18551
54661
46293
52965
55835
18567
33425
56619
12779
18811
12787
34885
18563
34897
12531
12367
18875
12615
47281
32221
52973
56369
52425
12687
34909
18751
32205
35165
18839
18543
52977
35197
12527
56643
56423
56069
30327
18731
10865
35173
12335
34925
48691
30339
18819
10837
56093
47249
56057
18787
12375
10853
56699
12655
10291
12403
12771
12651
54681
56037
12539
18831
18459
47965
48671
18863
55851
18467
12555
12371
12815
12447
18507
18555
12811
18631
35153
27385
12495
35205
10857
55839
18447
56033
12819
12775
12351
60973
18659
12363
54685
18595
56639
46289
30263
18611
56703
10315
12631
10885
56065
56671
18499
12823
12659
56615
12595
51933
56695
18711
18575
12843
12563
60877
12847
35209
54673
12907
12411
60889
56631
18559
56687
34893
18679
12343
18747
33453
52945
12391
12747
12535
18847
12799
56061
18599
46281
47695
12795
10343
12355
12423
55847
12759
10845
12683
56659
35169
12803
12695
30335
48687
56611
18431
12523
48651
12487
18535
47957
18539
12463
10335
33461
12855
10873
18451
12587
18475
12887
56663
12519
56435
12627
12751
12607
18723
47257
12691
48707
18795
52985
33465
55859
47953
60933
55819
56073
12755
18443
47273
18583
56097
48675
18427
60965
48655
12399
10303
10869
30247
10323
56635
48695
47253
18419
12807
12387
12511
56627
12859
12551
51937
60913
12515
18411
30311
60961
18515
12339
30259
48667
54665
51227
18815
48647
30255
18755
54677
55827
12439
47703
12719
56085
12899
10849
56431
18523
18663
56623
18879
60881
12635
10861
10841
30307
12443
18671
33457
47969
47707
18683
12591
12603
18855
18495
12467
12427
18479
56081
10307
12431
12783
34921
30323
12767
56373
30279
56667
35161
10877
12379
18423
54645
55831
12867
48643
47289
12763
32213
12671
18603
10833
10829
48699
12723
56045
18635
18691
12547
10295
32201
48679
35189
12871
54649
12435
18743
12621
12299
18471
18639
18759
12711
47277
18883
56691
52949
47293
30283
33429
30331
33437
35201
18799
48635
34917
52981
12891
48703
12571
10299
10319
12643
30319
12503
56675
60977
18675
12675
30267
52953
12451
10311
12471
48711
12715
30291
12863
12739
18719
30251
12459
32197
12611
55843
47269
60885
30303
12699
12415
18655
60941
56603
12395
12567
54669
60937
18647
12827
18699
12323
18827
18519
20807
12327
12743
60901
12579
18483
56651
18695
12383
